 numact | numadh | numbat 
--------+--------+--------
      1 |      1 |      2
      1 |     10 |      1
      2 |      1 |      4
      2 |     13 |      5
      2 |      2 |      6
      3 |     13 |      1
      4 |      5 |      5
      5 |      1 |      5
      5 |     13 |      4
      6 |      1 |      4
      6 |     13 |      5
      6 |      2 |      6
      7 |     13 |      1
      7 |      1 |      2
      8 |      5 |      1
      8 |      1 |      2
      9 |      2 |      3
     10 |     10 |      5
     11 |     13 |      6
     12 |      1 |      2
     12 |      5 |      3
     12 |     10 |      1
     13 |      1 |      2
     13 |     13 |      3
(24 rows)

